-96981
-764
40464
-54765
-20378
-44004
26265
-54950
-18278
23767
-38935
-67419
11959
-74353
-86915
43051
33701
85809
-23736
29930
-85642
9408
73043
12519
-83906
-23656
-25143
-39725
6585
14578
-37460
9939
79944
-16100
-48074
-97665
96315
90396
-13284
-24251
26881
66813
-9240
-26623
1761
84138
74920
-52088
-70881
78055
47805
-92367
-11676
67689
95529
-98049
-14547
79630
58754
10454
43669
15521
16317
6605
31466
-88725
66515
87996
89260
-78136
-38167
40070
53805
26959
-23708
38076
-13290
-59715
69276
-13706
-19599
98137
269
8798
-82312
-41635
66972
-56249
-66610
-63524
-53761
-20091
71140
-72871
82127
31074
-25859
-21439
60944
26214
-4595
40791
45365
-79577
-28367
78100
-37128
4383
94923
-29138
96803
-71035
57134
-80872
-22231
43835
1657
-27942
18994
-47239
25425
-93322
-64794
-57305
31565
90829
80120
-63504
-73397
-83574
-51418
54067
-13765
-51689
97203
-12589
-56935
-67101
32691
1020
-23549
-88241
72508
78705
76697
-41723
8133
99177
-30491
21588
28060
-82216
-2007
-92581
7937
22404
-88717
49654
31217
-60011
77387
-64598
36112
-93947
48006
-85337
-79259
-29246
-62965
-87840
46638
-66846
-51379
-39453
-35693
-4881
42937
34189
-96753
-10551
11035
64329
-13334
94817
-61022
-3055
-50051
74441
55063
95872
-43446
80106
21037
48498
-18927
-29335
-49566
-54397
76343
-32482
68549
29508
13437
81649
-96036
22729
-65111
8692
57270
63826
-44570
-75296
84735
28286
-18910
-11441
-67149
84761
-93012
-5474
94825
-40241
51710
25528
51897
-10508
-40542
44022
5958
-1877
8129
25982
96465
19366
-82737
33197
35835
-57130
-11903
-79864
78711
-25053
-24286
71351
-77783
-7388
43604
-23350
81617
67873
4742
-64885
89328
25558
-78772
60570
-5919
-99872
-21780
-18544
-26939
87556
-49735
89909
-12426
72373
-34451
-9402
49252
-12374
57866
-18294
41135
72371
31760
-23536
-27385
75961
56976
75294
30498
-25194
-43326
21619
-86058
-38164
33291
11871
-25771
-66038
-8547
-5723
84806
-92836
-76735
82719
35518
-59628
-84415
10756
1374
-57348
13328
-53898
-6015
-3524
-24489
-73232
74493
86296
32353
-92824
-86441
78756
-88284
-68509
9922
-72227
96158
-64689
-19831
71933
-74386
-70306
62537
-45165
-95736
-97293
-47921
-18335
17920
93814
-19577
96579
80010
-54088
21023
-28036
32310
-62098
99604
11036
22475
-90067
20257
-92374
58841
-36378
-847
57486
-96864
19864
2464
-97200
19631
12947
56347
-99305
-1069
-16372
50735
-80381
-14096
6958
78567
-72914
-46260
11737
18272
-44920
-36466
-91005
14788
85942
11369
-86648
25112
97218
91262
37015
53716
60817
20856
24728
64536
61231
-58956
71677
73951
-78599
-4812
-58761
40582
94015
40611
-80545
57777
63274
-96087
-43743
14742
35430
99813
-41867
-36521
-82969
12807
-98439
-5686
54396
-96048
27207
-42797
-64317
-91496
-81694
56158
82446
-6244
16103
-11511
-29425
-45540
-73842
-62741
-28797
-78823
50821
-74260
96827
-86239
-18400
-74042
53577
51414
84040
41298
-68310
2984
-83451
-61116
21652
46073
25444
-83158
-67781
82016
9899
76698
-33057
-2424
-92994
78842
12959
-67731
50615
-80216
-67327
-29414
65017
-49109
-88500
69945
2590
21291
91330
66673
65751
55881
32587
-7520
41462
-66544
83098
53570
61072
59643
-36514
10637
85957
-54314
-38445
57044
-90117
12156
-40365
-20947
-95891
-21021
63996
-26347
-29868
-32914
-99455
-8631
-32174
80536
6656
68458
-46725
54503
48442
13201
-48121
65127
-54908
70490
64091
-91291
-66175
-29735
7280
-93673
75145
-21762
68322
57365
14216
-22480
13725
39862
16637
9714
-33229
-91029
82584
-62772
12946
-76553
-69204
34549
-62740
-4929
-99096
-19499
-95342
29814
-54687
-73257
-19025
94236
-78023
-48058
65950
-5576
-1240
9083
88203
-83093
-96856
82205
-50457
72496
16440
1372
-48910
59303
31959
-7597
63041
25678
-25214
-4990
-31810
-23578
-52321
-58618
91021
45023
76687
-33250
-21661
-9572
-32238
98090
-96544
-21265
-49355
84634
1671
25908
2387
60960
-27739
-1654
-91247
59806
-78256
-63679
84088
-83814
54607
59589
-74099
-59997
-73951
77479
-168
76504
-86586
38054
-58840
-50359
-30218
17438
-3581
4953
-62720
27850
-65343
20351
23264
-75593
-75502
20465
1376
-38337
-2783
-96424
65150
-73287
8528
27251
27002
63250
62679
-39627
20950
16518
-23359
-19734
5843
-18014
-92815
22722
-45838
15077
-9556
-36552
15962
72985
96254
7552
91393
-20017
-52702
41333
-19567
14444
1569
-36999
57648
-66550
30561
99347
67777
31995
-98950
66933
49655
-16156
-96819
-76833
-98746
54621
93106
-95805
40413
-78322
59920
-50343
-59536
63790
-12325
80492
63696
-16237
-54672
86810
-43507
99996
54667
18505
73773
-4968
-64908
77640
50333
35460
19713
-26672
-1436
84268
5334
29239
-78511
80679
-94335
-24190
84685
35640
59872
99547
-16512
-85496
43724
87667
-40139
25705
-73069
-3122
-81608
-42759
-46825
52181
-1350
57363
-61367
-75165
-71990
27838
69758
-82938
-24436
67557
-21908
-36276
-11378
56251
94160
27019
54162
-84054
10500
-74282
89433
-27848
-40523
17115
-13166
78392
19589
84694
-52588
-52295
74503
832
-10345
34778
-84818
-9965
-36497
-13437
-79099
-42084
34283
-1075
97038
-295
-84045
59291
28422
91222
-98982
-8952
-6965
-78723
-50095
68924
-58919
46101
-59268
-88297
2377
-34984
2474
36463
-50123
-74271
-25572
85614
-26468
98648
29840
93360
-63806
-46496
-66728
78577
-66718
53895
30075
-54503
89007
-74524
71976
-92233
15280
3385
-62841
-78238
1621
99741
46050
-30968
-88268
79082
5406
-44773
64931
-25375
-37576
-60821
-92538
40381
67462
83214
17913
55091
20398
-73851
-11981
62364
40937
78657
92536
96418
-91169
-87759
-14209
38267
94193
54324
33051
69264
-86057
43556
-98575
24709
-90202
44728
82581
-54265
-60447
-21477
8123
42144
65869
-90551
66205
-29422
17375
36303
-80925
17755
-11760
-34570
-79446
-72531
44169
-36089
-6760
-77765
-73425
51731
-11355
77025
80113
-18544
-83323
84886
-66038
-69589
50038
87221
-84190
-91849
-22803
93812
14267
-10505
53592
-11943
-63977
19179
-1805
7885
-7781
47162
-20761
-37753
62198
57015
80237
39729
43896
2468
-566
31066
-21081
-97295
89378
-15149
95598
-69636
-72377
3208
23855
-34912
-2326
29754
72251
-80559
-29145
27887
-77413
-56666
-80794
-36036
-32344
32246
-93279
99419
67465
-96183
-22924
40256
34787
-18240
63425
-52071
-33842
-28617
-97029
-49140
-55593
-892
75895
91514
-42057
79602
-42651
73157
-61797
12202
-21744
69379
51018
-26823
-49814
38516
12542
73732
-91930
-74556
-8112
8725
88325
12501
46307
-49537
-87127
46193
33204
77639
19820
68165
-29973
93196
-58450
83329
75476
71304
-5114
71794
-96245
56255
93194
81136
46018
-33373
51104
71563
90761
18224
89594
-10930
9875
-42522
75145
39607
-50727
-47094
36497
50333
-40136
54529
63754
-48948
-90902
75476
-13678
47364
-33756
48063
84763
42383
94269
-52542
54458
88814
-39664
80304
-43361
-3441
-37382
55869
-96815
-24129
-60073
29326
42862
-67994
40999
-73008
75641
69618
71478
29955
65087
20891
-74431
-8986
686
-7462
-38081
50693
-41531
95062
-66608
22014
-70474
-74553
-55292
-52456
20089
-17782
79856
7174
66178
-32276
11027
86359
83212
-99333
10620
-76862
53908
-92336
27497
-98709
18556
-92532
98981
-36403
95477
-24864
11237
1250
94773
8307
-3219
56028
4617
15757
3993
-2888
-47344
69763
73401
-43014
-63463
89159
4245
-71357
17373
8790
23788
81451
88796
47839
-64406
-92359
66797
-27579
81311
38881
-20329
-19637
40721
76636
-40072
-64345
-31329
33551
58551
-59285
93519
3920
4706
-6852
-95543
67878
-6057
-79974
21691
88683
-59243
-91862
43036
-92511
75537
-442
-7230
84992
-82670
87905
53509
99844
-48195
-1711
-93584
-83590
58851
69425
-78554
31808
-19178
-69688
59977
21657
-52616
-39690
-91640
-71481
67804
-1510
-82341
69706
-71193
-23345
2265
-5385
63414
-65154
-14512
-37521
72691
-80610
71270
-83768
-219
15841
32518
65099
-17267
42365
14890
-28562
69528
-87134
43769
-84094
-96323
50347
46693
45948
6826
10163
26119
87554
-8998
-86781
43939
71016
-81715
-78655
20964
-98295
-12624
49239
-56770
94041
91811
68091
-16853
-96770
-34539
10482
-43169
-28759
47199
-27769
-265
-7773
-30483
34513
24006
67225
99005
68678
-92103
77357
70619
-65430
62960
-26719
-41921
50043
-86004
-35923
99483
-63413
83469
63560
-99001
64610
81149
-92480
-11662
35524
68104
48091
-98128
-17200
-62903
-33093
-34974
51972
-26136
-23347
79960
85054
-80707
-28781
-15694
86400
59240
-61180
-75874
50923
-62834
-45091
38936
-74320
80515
79487
-13936
78668
20143
84479
32493
-78917
-71839
91154
-79518
-1001
48831
-33856
-36187
12849
-79124
-65265
44995
66725
-45689
32022
-43371
-61456
-17214
-10215
5372
-16952
18090
49106
78131
53126
7521
-17382
45695
2128
62285
91806
64963
79372
-56499
59729
75637
-27973
46133
-87290
73291
11997
-6775
-62883
-8378
-2402
23911
37862
99625
47326
-51953
-83707
-33333
22024
-64627
87321
54448
95576
-99641
12583
28588
-40740
89526
-28096
73306
-85084
62470
77391
74278
-90684
65588
-76704
-47180
11783
-79827
-13677
-30579
29705
42358
19717
-86050
77780
-82302
24161
1733
-32993
-36623
-78403
-91570
-14362
13438
94964
98117
-32147
-48659
51425
-58392
-47651
-50407
-40483
38783
-87709
37224
10712
-33920
-36958
98847
66597
17789
-27641
99553
82
-62371
-16681
-88499
-10849
36692
37622
14522
-64704
15841
63584
34350
-98978
94268
96186
7923
1928
-97101
-16211
-31876
-23402
71956
-1595
-46833
-51820
47310
92549
16694
35606
37634
-46255
-41645
82067
-10660
-6245
-13407
-4265
-70216
-83628
60032
39214
-96684
-34505
40741
91941
-7615
685
20654
-67387
-46888
-26792
-31051
-50896
33613
99247
77581
-7452
-19863
23338
-84041
53860
14045
43829
-52756
5772
85374
-10076
-11704
2198
-60448
-8683
-44769
-37284
50203
33895
63467
-42956
93539
5370
-44805
38610
77620
-48549
76312
99134
-19266
21100
-51693
51103
-51549
-91061
-55157
73591
2144
89142
-85651
32116
12164
-98519
-24041
79114
-58986
66680
-20937
55251
-52472
5660
-41995
-71036
55544
67979
-96394
-12550
-35234
46419
-77513
-86261
-92051
-4776
-34554
-3164
70195
45430
23147
44066
99788
32460
-1465
-21151
44791
96428
72410
-72525
-60699
-21608
-72565
-91769
71672
-71774
83124
-33306
32500
82705
47902
-72125
97581
-27571
6370
-64787
67015
1336
48052
80998
42710
20261
-69662
-22602
-23183
-92120
7880
74367
1847
-99106
-33557
-37931
78820
-31173
21349
77155
-90138
-41089
-90843
23861
-31503
-53540
-34999
-38654
80813
65168
96603
-89787
52382
87541
70600
-76939
14928
-13244
-35306
-60542
67262
34493
-78931
-44343
-78533
-65652
-72359
-86949
34394
-48556
-8436
20864
-59732
5747
-46696
-988
-90728
22554
-43498
52786
55296
67499
-47076
-4199
87893
-24322
-90490
-81042
-50047
-91243
97404
55498
42480
92801
-47515
5554
30955
25190
-10432
-77793
2725
-96841
-65854
-1216
-86233
-94543
-55222
93993
-12859
-63991
-11903
62853
62794
-65155
11384
75290
69188
86592
-46852
60003
-9858
87108
-75255
-974
-4332
-70129
38180
-92413
9579
69431
83408
-26230
-3094
-61470
70482
92367
73140
-200
95200
-11165
-9420
-52613
-30373
-67650
99523
-19145
-51528
-94721
89139
-84726
72200
34100
-90771
35975
-99553
45409
10727
-91333
-84147
96646
-42367
68590
83280
28016
66836
-73251
61073
-27515
76448
10774
20277
-28335
-85016
88016
18208
21284
41892
54420
-1436
29935
98188
76040
-57216
92313
29933
-4007
-81520
-39639
-22360
-75429
26755
-31842
22298
76684
3468
94854
-53055
-23205
9612
14998
16314
-30087
96420
-60315
15779
-82677
-67494
55439
-92848
-52586
25116
-63173
48300
-13556
48016
10
-96510
-26629
-65452
-73733
-88862
-19675
70012
60672
45695
81355
72177
91027
-66043
15555
14413
52245
-51889
-22013
86143
29306
-87360
-95746
-63676
-12036
-96337
91406
58844
-3343
-51858
82779
-35422
18188
96959
43614
-12290
-66961
19109
-17500
26699
38820
-83900
88037
-84148
72714
-78537
-48763
57514
19869
-32278
-99006
60272
32989
3892
-51211
-22837
-24641
-98807
-58021
66305
75309
-85995
-70018
-34268
-89581
-84591
-64913
69958
-68993
-94717
8914
38854
66831
-66404
33219
-94059
-91073
-1300
86099
-44861
39965
3610
-43626
-19159
87741
-46449
-57710
13291
-50554
-46976
40818
-74582
20524
-17857
-7016
-91753
98598
-9307
52543
7485
70484
64405
5304
-71163
22212
36568
-86199
-25549
81100
92113
69661
-88184
-85808
31742
51118
-64103
-33449
52145
51787
-94342
-56768
93219
58268
76082
-77565
37283
-53656
99634
80820
62794
81214
66872
55778
89340
-43813
-23403
-77241
51034
16233
-88216
-56889
-2836
-31476
-70992
-50565
22292
-66284
-23751
-55876
-84067
-59653
-69891
-32344
57111
-33091
29115
93939
-41553
-48823
-58399
16154
-52940
-92125
45669
72660
97549
-41027
61573
-8466
-95471
40912
-39806
-43245
65578
79495
44839
-96875
56205
-96977
7535
-53901
39478
-78709
12358
27439
98080
22917
-52878
-27910
-33414
2534
-45875
-58710
-35027
1998
-38388
-17149
53079
21774
-61689
55057
-36192
53872
67153
-94282
19813
-20777
-39736
96283
81582
30615
-70217
-89179
-43131
-8577
81762
-65270
64141
51410
37265
-38610
-25726
47136
-14959
-2746
69529
-26751
-83711
64958
-91086
-1179
-22286
-62128
-63135
-8562
10657
5187
85519
-93142
-98643
48563
18077
-47744
-65218
7348
10040
-64510
-81990
-93885
-27809
-26799
99927
91950
81983
56896
-56756
87866
52033
-7185
77037
-59991
-3142
73738
-96867
22591
56915
89890
22420
4747
8646
-56629
41107
-26359
-74003
-46281
-91759
37085
15870
-82519
-27654
-4393
85038
71856
8738
-75873
-99171
79573
-32007
64350
33541
91174
-65413
55238
80709
-39905
-36839
-62820
-43515
34677
48823
-92095
60352
-70691
-31723
-29207
-79158
29784
7349
90290
-91092
88946
81188
-26682
13816
68675
70078
-63777
15598
-45827
12856
-24767
-17192
-76852
97153
-13144
-89534
-77943
46602
-83678
-25004
49245
34209
-35591
-25443
-18544
-10350
-19971
-4759
45037
95363
-72771
-27270
76949
77358
-59175
-58015
93527
-64549
41466
87524
-48579
-24540
-1559
95236
-51202
3877
53505
48065
-85666
95543
52573
42230
-79564
12422
-69053
-38210
78414
78416
-37493
43388
-34052
92011
-35859
-61989
-14635
76700
12247
-52780
-49468
-40653
67285
-96619
45147
88232
94553
61815
-88484
-71668
84002
-66518
8001
85089
30355
-35338
68018
37619
-24408
-93360
67380
-79878
69749
12387
85803
95050
20608
80850
-2763
80465
-5130
90261
33682
-21977
27026
42093
28434
-4423
-13363
79303
-18011
-66163
68978
-91507
60379
-54763
1277
-77723
13084
-30919
-91709
-82154
7061
98312
98653
-40333
7209
38639
56030
-69417
25456
17751
17132
54191
-12565
-86989
-45185
20374
-82833
-60363
96958
-56936
-38649
-88772
-62428
81466
-36356
-39285
-48606
-1233
39695
-72111
18292
46688
56118
-85057
16426
-48588
15320
-42946
-69647
-81725
-73151
-86107
54492
-83972
-16669
-23574
-92424
-97266
72013
-89590
-32150
23780
-55789
-3622
10778
-89718
-58869
66741
-81919
-87131
17518
-82496
-3283
-9782
92058
62520
-94802
94723
-19978
76301
80529
-14999
55956
15921
28479
-19993
-57417
27661
16491
62735
-71375
-75058
-18459
57561
-99892
13941
83273
31154
65384
86007
-36842
-37996
25369
46488
99369
31281
31625
78303
-84302
-84973
-12809
64414
58474
82821
185
61686
-47413
33669
-69961
69751
43803
55760
37363
-90147
18000
59000
30307
4223
-27230
7150
55532
55523
56904
18770
7100
8433
-35351
-99261
-6866
-55945
-76286
-29349
-10422
-96379
35643
-25891
39927
-29789
-2777
48726
-37837
96532
-50513
-59918
59711
-5655
16857
22771
-95933
-37043
-9743
-36379
-86419
-19843
9201
59909
-62170
-68304
-71044
-77961
-82990
-10785
97439
90772
71340
85981
98560
-86873
-43099
-28065
-25912
-92277
18182
-73539
-81538
-77984
-84060
-54986
29938
58792
5378
-84749
64932
63058
87447
89953
-74360
8067
-89667
-17509
12792
21488
-20370
33005
-51579
64593
46350
-34657
-3109
-61126
35188
-52155
-74177
-14126
45539
45497
3887
15509
42844
88130
36756
-84247
21613
-79010
-60715
-83336
-13316
-48128
-71257
41298
61352
9658
-90057
14540
98964
-18732
6158
65501
85990
-98864
-9230
59842
62306
96052
-3938
-49867
-41270
7823
-64729
723
40435
19963
-12561
7334
2273
19224
-47722
91297
76666
46675
-17854
30166
981
41386
-22540
-74629
45114
37687
96733
-71617
32222
35271
-72819
-2711
88064
-90267
-49398
-59911
82143
-19643
-44873
-59164
-43982
-45511
-15519
17924
18711
-74932
10185
-41790
18535
11068
49476
-33193
-31920
30260
95741
85149
30164
65158
-66139
45385
70901
-66162
19386
-86951
-60135
-43886
-56899
-83105
47869
-31211
-6028
69604
78799
66014
91693
-3896
-57960
-5462
78965
64644
-51591
-44169
-82599
-69275
-38787
60146
-21341
79555
71823
7323
39578
-55795
-32650
24760
35207
91579
89080
-38925
-69283
-94483
-23578
7268
-68049
-6618
90454
37159
-62649
-13617
-30728
46441
-56017
-53380
17047
64505
-85935
94608
-68467
-7972
50997
66871
-4528
99661
87259
64019
47587
-75310
85594
-87251
99468
34658
65088
33868
-28604
-71117
30709
93387
-4777
59711
33242
-23471
-35164
-41263
-12910
16944
44374
10504
-77679
-27732
-43165
84177
-36919
27308
74687
-37515
49314
-97979
-98207
63243
-96032
45878
-13145
-73803
-78751
-76222
-56784
66886
-21129
-74650
-48054
-90417
26134
49795
56870
-71624
-43985
-98060
-31230
29975
-82816
1162
-82690
-89813
-23002
-21035
-94827
-62336
-55713
40778
-83028
-20112
-57717
74299
23425
-47700
4927
34470
4956
94884
-5190
27227
-87931
48900
-20333
-12903
38711
-70393
67448
-54002
71463
37919
-26421
7148
-27003
-2230
-61280
74136
-27256
-27816
-91454
-75576
-62993
89984
83355
66906
48758
81883
-97589
85112
-19550
40665
-1696
93073
-77894
-92371
-86537
92735
-68772
-58933
-21851
99035
-22855
63737
77824
-35331
-38955
-54614
-85497
6142
-53311
-5299
73626
-48062
-52020
-3203
10449
85071
-5444
-16841
96643
86130
-71422
85974
-70148
-12927
-62110
-2425
54356
19029
86923
-37005
49255
71124
96288
-45046
52058
91957
-78123
-34331
39615
-74762
-80676
-75790
-95622
61354
-11113
4338
-9229
-42443
-99225
-90923
-13022
56158
66626
314
29681
93357
-92934
-24219
69901
90783
93890
59253
-8842
-16267
71487
3763
-46293
22133
23155
-13282
-56833
-60678
10764
70670
32681
93624
-62597
-26224
-87598
-50069
24138
65700
79230
-80318
-51480
-7685
81
-72976
35335
-40757
91289
-28380
-83674
88612
-80138
-16001
-27954
-86187
23851
-25638
93370
-13969
-75941
69973
49490
92432
-25546
-60563
-50183
52919
53058
21525
12083
71454
36217
61465
-95308
2824
30330
-91215
-35902
17820
-63666
-91699
-55983
-70496
-73337
-99147
-48158
72783
64545
-55359
26887
-37707
42887
-71400
-71024
-8961
-74657
-54032
-19832
91817
17715
2189
63739
62941
-2219
77956
75751
-76258
-64287
36777
-20334
25638
-49519
-79243
80363
-33977
4934
27725
-36790
-12571
-7587
-61123
-60686
17018
55240
85820
83890
-61424
79877
-37995
52426
-29410
-62795
44750
-17323
-78695
-12087
-89524
99137
2185
-31609
-85016
35133
70415
87948
19962
25575
-24482
52687
-9634
-6702
-36352
-9691
2475
18881
-27898
66480
-99355
84319
52021
-33570
-99044
-80321
-15563
-81394
-12074
-80512
-50984
47166
-65922
22227
-26690
67983
-84462
3871
-79425
-63169
10978
27494
-11384
-2877
34613
-18337
13886
-67631
-10220
-8865
-76615
-15649
96
60193
-17745
64166
27368
26759
-3900
-13239
19482
54237
-45015
28104
-98389
22882
96085
-42488
-31750
62615
10132
-72542
99681
70143
67489
1890
-37112
-72381
-72157
16148
65071
24900
93972
-89974
-77936
-74418
-67261
-55872
-32661
78470
-7908
-92437
-15997
2231
23474
-62063
-33181
10783
24403
76026
-37406
-88621
-27305
-78919
-6159
3565
-15144
81113
64328
21999
14227
-43788
-48952
24939
-35395
-24009
-7851
25274
-34122
-22166
26767
71496
46069
94731
-21196
-34606
-73555
-39255
86981
-12226
-99028
-55937
-47624
-66684
-8939
-98445
-93141
57185
95653
-14691
-78182
-15462
63978
-10869
14551
-73010
21136
-6653
-82297
70934
72985
-41797
-56495
20047
-38613
-2869
2151
91622
44474
-43525
-17109
98521
-23485
-66461
-63051
4655
92047
80174
96015
41088
68048
65291
50002
76347
-77044
-90154
-81606
95809
-2834
-99647
-43685
-72351
7183
53787
-9832
36199
-3674
-65228
-13480
-65652
-87533
-89964
-56925
67234
-74130
-35452
9784
-97997
29568
91169
57955
-56582
31486
82599
49486
97765
75586
40180
-39566
11713
-37315
81510
1210
-46247
30399
-68558
97968
-40809
-34732
-91669
-68126
-54611
-8414
-50573
85986
-80949
19433
23709
-73976
-44223
-71503
67688
44633
66166
74224
61200
-53402
45727
6928
42268
-64514
-92192
89983
45826
-21412
-93193
-32357
85974
-27015
48651
8983
98227
-89517
99259
-87922
-20598
-81995
-65300
-67024
16217
-74326
33514
79756
49930
-5507
29557
-11661
20151
55376
44433
-26000
78987
-82219
-88527
80686
-98415
35939
34595
-60080
-53272
-47338
69758
75498
14521
-35849
-14306
73362
-51006
41733
7563
97658
59932
-64832
-16152
48870
12579
-97740
23149
74135
-9788
4783
98483
-115
36482
55750
18275
23100
50587
3397
-32789
77803
27315
65837
-11602
93206
25810
23789
-1295
-37584
34144
-79704
-3576
-81436
-80845
15310
84361
-94744
-13197
55402
-12321
-7493
21983
11934
83525
55684
-93840
93556
-70407
36804
50239
-43960
-90162
36267
-41654
90479
22313
-78081
31984
42460
-68525
46581
-3813
-44781
63900
14359
78936
67090
-76428
-45027
75445
30367
-55188
-997
41965
78174
58779
21423
62052
40475
-83702
-58342
-14415
-91013
2180
55121
38959
76452
-38387
-88839
94249
70644
-38551
-33493
66064
-75997
-66641
76226
-45206
-60747
-78883
-54757
-56292
48955
-51614
-55723
26943
-60596
-18955
-78300
72386
54100
97145
-75252
80826
15379
-7394
-35583
57829
90973
-34939
-51596
44053
-47994
972
19353
-21487
7986
57920
94572
-7773
2154
-53257
88436
-67757
46089
-30423
63732
115
-50698
32727
38199
-64290
-69021
37790
-76810
-2873
-71004
-76192
-578
-41452
37392
53026
-98536
79723
30602
33864
-19999
13390
-22369
23124
99741
-65218
88477
5367
-31333
16298
-56353
-47925
-83827
31844
86374
-119
-89058
52464
-39218
26769
-72300
5956
-31993
91142
-50688
-99136
-12187
41043
-78181
22004
60487
6248
-22169
-55777
51202
-92183
61308
70528
-15724
31669
71778
14660
-48479
-53010
-25960
-88274
-22462
42660
-83281
-53600
-82568
97190
-17922
-71764
10265
84658
68056
-48989
22688
46160
43356
59871
59948
-36297
-69781
-32594
-5923
86300
-35574
-41873
-91686
90877
-4704
85713
58233
-29969
-22287
-20118
32057
71585
84677
30804
89921
51858
28716
-52215
98326
-84031
-31220
-39757
-41367
-17606
-37345
-59923
-85794
-58296
80811
-27484
-45653
64509
20705
-92678
27595
-92636
-58978
29378
-43029
-86142
-67760
-32707
-30101
87058
-21827
-54900
-81279
76977
-89191
-97733
32126
54453
86032
-47128
24650
95637
52062
32888
-16568
23103
62967
-14520
73802
-72986
-17203
-39842
76814
39620
13289
-24060
45766
-74387
-23498
-90143
-11591
604
-24209
-59136
-60970
80413
-51040
42229
34310
-75735
21189
13552
86111
59229
-41999
-1362
33882
-74006
-58822
-93937
51479
45132
-18433
-71034
82446
-44523
-31294
98520
4148
9802
81783
-7056
80001
-43074
-24486
82534
-7857
16901
38372
-86667
32242
75026
24227
5543
-83
-33671
-28131
-38384
-57577
74516
29671
-89971
30203
23197
-43276
1539
-32435
-2925
1970
-8418
16404
-48018
-4703
-48842
79404
785
18316
-59726
-57136
6881
-87727
62580
14617
-82397
-20912
-64936
92218
-49354
-8619
65990
70093
-9445
6264
-83301
76982
1681
30539
-17316
89697
-75803
52866
-25245
-18320
93844
39157
-3703
2145
62983
-4334
-20262
44355
33133
98320
73645
7158
18870
43090
16976
-76277
89120
-25564
-43321
78366
-49187
-52450
-90468
19219
23566
92984
4360
94617
-16500
69856
10971
-5269
28065
69489
14231
53584
-20375
-7907
74791
-57857
-10597
80592
-17943
-88747
46045
39956
19709
78472
22823
-32801
3018
-58956
29237
73620
4252
54214
-2943
-30568
41825
28627
-37094
-60565
97750
94240
39456
97577
78052
30084
45847
26138
78272
31400
-7852
-21489
-64729
49677
34954
-69789
48449
83756
-75862
-36520
-88367
-34549
-51644
-20892
43786
-72029
43212
63409
-62987
-95463
-97577
-36030
-80777
33166
-58233
-54237
70778
39502
-73156
36017
-15276
82287
89053
74939
-4259
-19898
-60420
-41072
-56681
-58114
-78586
33485
-26572
11226
-27743
-56010
-7103
85860
-2397
15120
34826
50299
18474
-40954
22516
62981
-30872
95156
-34343
78078
-36156
-674
-18089
13536
36806
10236
18614
14283
31225
-54672
72648
47398
31781
45836
9370
-39446
-40451
67211
-60413
-18230
-86616
59892
-40321
-91845
9131
-75783
-89231
-5797
26464
52883
-31237
21076
-1472
20982
-50639
-16257
-68877
-41559
-60525
-86465
57577
47862
76010
-4867
-44575
-30967
12826
-46932
-96159
261
42388
92892
87166
43324
54721
-2845
67275
-47630
57258
65770
2064
-14611
-41053
-50314
67913
37041
14013
41123
-72834
4174
21286
78715
66247
-63800
-84959
3818
98626
-32252
-640
77794
-65382
-31502
-93371
-21216
85139
79027
-28725
-78096
-61424
-39066
-96845
2801
-88471
5766
-33306
36405
-78886
12618
-79833
-24964
-28228
-77310
-99456
21631
-189
82729
-76113
-67965
-5025
-29967
21922
-39485
74805
7354
-93280
90375
61578
45954
-89146
-33448
18806
67970
-22466
76099
87380
-6790
-55280
-56785
-26755
71307
-11032
66798
-68577
93461
-660
84593
27277
17304
-18092
30454
38825
-45636
-7658
17085
79453
-61149
69955
-87923
-96561
-43937
-43501
4350
-61037
-77434
30440
64227
-90072
-36432
60751
35970
7528
17603
-73288
82590
60901
-86608
25699
-44971
-6253
2979
-48533
69958
95239
-49200
49938
97042
8070
-12012
15946
-27430
-65019
34535
-1759
-70022
-82138
63405
45423
-80392
-56755
-5173
-68134
-91529
87981
-92466
-65270
21863
69774
7490
-14350
83962
-92370
-91921
-10021
-3881
-12664
-48641
89758
-41283
45829
39731
32898
38942
59534
-63256
-26162
-73421
-16640
-7369
-6686
86700
52272
-5719
58321
65034
85048
-19911
38850
43984
78337
-67021
-71204
-77636
-46751
68558
-606
91691
-77049
86119
-90245
97035
-27322
123
85543
-29225
59234
23425
79220
-99575
-68713
-76437
87403
-22566
97507
81816
-84375
16841
37565
-14198
-90282
-76795
71153
65720
85925
74407
-44394
53474
29038
-9262
80392
43338
94184
-60995
24820
-5786
19002
25953
-69732
12565
53810
28095
72494
-53126
74156
-5828
15004
58967
-52294
35994
-56925
6740
-64801
-10664
-68081
-41050
-25809
-53409
20778
-39132
-95756
8294
-67222
-85594
-49078
58902
74309
-54952
-73469
-70295
-7880
46928
82072
-36243
77802
33980
99121
-47261
-31935
71973
-92037
78179
23121
21892
84570
-21494
94836
-51657
81528
29072
-45188
88203
-62251
-83502
20619
-97615
34073
-79719
36805
-3641
42565
-96392
42085
11699
-52169
-4271
438
-33740
-6107
2142
37445
-88448
-85506
-81648
80973
33341
38526
14968
-70761
97630
-29633
-60958
44821
-93038
769
-165
-12593
-79628
-53300
-97511
71714
20491
51774
-18595
39153
-87090
-6648
-42976
-4733
81102
18510
96964
-17176
-15467
44675
-36769
26764
37516
-82200
24999
60679
24645
54464
1447
43871
-63526
42599
43049
-54409
-63503
84213
96463
-43228
-66408
-81217
30488
83995
10435
-9370
-79572
91254
26631
-88214
-51107
67731
83131
-3385
31863
96851
9571
-22027
15411
58332
-62787
-41473
49906
88547
-35602
94423
-37051
81198
77715
72910
-86283
40878
-22092
-42244
79215
69967
39190
-22557
-82573
-39549
-65354
93882
52558
-91490
-58280
81192
51034
94916
6241
76588
99101
65372
-77709
-30109
-21534
-82736
-82962
86976
2697
-2822
95299
76375
46111
-72217
82708
-65831
-62489
79738
83520
56678
-862
-14214
-41560
14857
-59607
-34259
-95868
34882
-69810
-98557
93299
-14873
-81882
29279
-82348
-29962
-36509
-87303
5664
86165
57080
3682
-26402
-77460
-95122
-76860
86603
-1723
92541
69902
-29273
75123
75128
81821
87654
-94239
-5456
-39120
-20449
17845
-44109
98074
-6911
59974
28927
12755
-59485
-16923
75408
45884
18983
-51542
58925
10034
51941
45248
97247
-22504
399
90894
15915
26632
84488
-1819
-40451
82763
-75193
63865
35149
-64263
-5346
19776
-42267
-25267
89823
-1633
66233
22297
49687
-65812
-84784
84009
-78644
-37257
34903
41879
-46566
6657
-97389
67868
48897
54883
64407
54981
-45856
77720
14626
16083
-26227
34514
40821
14765
16250
-3906
89751
10983
-43725
-72647
20716
13868
28266
96418
96883
14174
62036
-10619
-90619
-41447
-35845
32729
36600
98015
-26184
-79595
-87479
-86398
-47556
40616
19646
52911
15009
-11377
9454
31683
38446
1842
7165
-70390
15542
76713
-97762
-19224
-79494
-88951
58912
-35594
-33677
68934
-67404
39829
36119
-92996
25606
92303
43646
88597
-23979
87380
99088
75963
-24565
82165
61299
-37294
51743
-12482
-8590
53821
-25723
81780
22548
26361
-16112
-30313
34782
-78634
83628
-32383
-18644
-83469
-89821
-57564
-57373
29405
69294
9793
9980
37588
-10727
9635
-34342
-37682
74031
68378
84189
83988
82882
18967
-17452
-14569
-5487
84021
4135
-31320
-13933
-56376
56944
13281
-39893
-84552
-91968
-91254
29102
9858
-72109
-59984
97932
10329
64626
-38720
-60518
62277
-88845
34581
43972
-35452
42093
-3141
-45862
10971
67629
27567
85045
-80568
-37703
14770
-7669
-26475
-64048
70454
88458
-67456
-8434
27129
-4144
-23636
39838
80212
-57094
-14113
89868
37047
79780
-46923
-67821
-51183
50564
-17629
27933
79543
12081
51096
69627
45837
-48370
98728
-41592
792
25676
98871
-70795
63698
28794
-95992
43567
44658
2957
-6304
-41780
-95848
-53396
42644
-34196
10754
-42841
-49457
93280
3238
50415
-21116
16548
63929
-79231
46839
13978
-72829
30441
48046
-32473
34387
-89104
-86806
-4854
-96057
-95179
48602
64927
-29880
8588
-61029
-81025
-64576
-14239
-22316
-92039
21830
-69112
-26691
-88761
-37609
66226
58208
99121
18174
-99328
-4152
72236
-58369
10383
70002
14250
-69182
-86695
-40434
7982
71193
8985
-69502
-78060
76368
40411
43719
-39533
80172
79941
48756
50095
29889
-30362
-58484
-60834
22238
38305
17038
55572
-55976
-95546
35188
-23376
35976
93618
-90699
-96835
69207
1471
-7025
-84822
-66862
-65281
-52547
45108
55798
-65593
-19846
68612
35637
22001
-51226
65881
62280
-18916
-99624
61274
56064
-76723
-6756
-77740
-90959
23320
35247
-80609
48981
-59815
-58391
44188
82464
-28498
-59698
-53464
-35419
-31560
75750
35608
-18046
68762
52041
-13824
-89418
83029
93456
93087
44687
-35909
3415
50547
-63692
-36828
90682
-39452
-68270
92272
-54182
21552
-48533
-92667
38971
-33010
-40996
75351
73144
-69852
-41833
8214
-67900
-74639
34178
-44096
-79419
19413
-52036
-10806
-89278
48189
-35185
-10592
-34073
-44416
-29020
45540
22753
12402
83001
72540
81441
77194
6773
-64608
-19579
2560
-17325
-97924
72044
-70759
76246
-68629
-17293
-98238
-10503
-34087
-31192
-92347
-10208
-94498
-61264
-1269
88746
-86141
81418
-42983
-28430
62822
-95611
32588
63213
-45072
-28963
15226
22734
-48712
14448
29174
-4684
-33691
-39456
56959
-44974
10822
-90805
92498
78308
45885
65870
55270
-67904
33461
3012
-40542
-81033
62648
-1417
39340
24382
-99009
18995
20598
21813
25911
36024
-94132
-1138
-73737
8929
-3286
60127
-42612
64190
2774
83675
16975
-7354
46189
50149
16585
45479
-55397
-17104
-81736
18198
21112
33311
-38581
-98808
62718
70438
46073
-68152
26556
67399
-57412
-37923
-94085
44849
-75163
-58484
-24401
21955
-38157
17715
-28354
28427
-6983
64612
-71452
-70953
-3621
-17797
2332
49585
-60728
39684
-27688
-15487
-63508
26385
12416
46393
-29209
-24127
66739
41296
-8258
58339
-82716
-38506
99397
-27356
50414
-98198
-50990
-71365
-16881
13388
55186
9241
-52588
-76570
-35142
-10525
71501
26261
-848
89563
23298
30315
91379
-20468
-57789
20393
16349
-55161
42522
-62658
9807
-70
34688
24390
-65132
22317
-94303
93958
26162
-73694
83435
85285
49549
22784
-98140
-77072
-36113
-49268
28825
18456
21040
65743
-26514
-71011
43310
-68642
-92528
-937
-95969
-16427
-27709
80608
5048
66092
28675
-96979
86191
92991
-97426
90137
-45603
44236
-65776
-57648
76275
-22230
45727
-32016
-86810
41121
-44794
-51163
31094
13807
12729
16092
-43790
-84999
43281
-95910
83314
-98095
3519
75363
-20434
-66383
94091
30037
-31288
-48517
-27400
21086
-82998
21205
-91222
-2715
-79608
-42153
38902
8866
-28239
6583
-13588
-28793
-97683
22184
-26027
-80764
-22155
11505
-66155
14329
-77020
41225
14108
-25630
65179
11931
-50052
-19782
12463
-44902
55723
72062
91399
-51797
18247
93710
-9489
-74750
-73840
46759
-82360
50177
31154
68199
-50039
-36312
-68869
-53220
72803
2156
-18429
81384
44213
-2617
51428
-50060
54544
-43759
83105
-51853
-40609
-24040
-19123
62757
-16515
-801
-82043
45730
45383
66898
-40193
96747
44538
-21087
-48698
-15906
-69072
69302
48704
28413
93774
92245
57928
69341
4479
50258
-19306
971
-57153
-32191
-68639
-70125
-72357
76294
28595
40131
61798
-87015
-67520
-48935
53745
32120
60999
-42189
-30288
-64938
15060
37616
73231
59306
89165
85430
-7017
-60578
-17658
5691
20864
-3839
-75513
82547
-50444
88387
2865
18101
-17734
65448
-35440
47953
92299
63313
32663
58687
60834
32083
-32228
18856
6585
10977
-56937
-87215
2620
-84808
-27614
-81828
12858
86938
-44168
82113
-92470
19717
14447
75277
1784
-62611
76673
-87973
60463
-91451
-30392
-48692
52617
-86320
-66355
-32909
54126
-77096
62562
-19103
88145
-87180
-95341
52666
80999
67494
36060
-76032
66842
48334
-65823
-96119
22031
72195
-374
-92452
-89306
21454
-34494
42303
-49748
30629
-25719
-20752
-52808
80428
-19235
-4308
33759
-7816
-90580
-44561
-61443
-81354
11350
-11239
-24372
69281
-1270
20659
48405
51376
-6279
-68433
76239
21752
-92046
-96754
8767
98266
-84854
-3725
-28281
-42111
-81851
8311
-78388
91552
57866
-97609
-22658
63624
-52920
-2959
3804
85411
26359
-44850
-18786
-53874
-68895
2524
-21801
72754
46981
1530
18489
-86313
91141
5461
74065
28234
84294
80318
94714
17456
3426
74316
94440
-5703
-47682
-30284
17761
-45517
67454
10074
4541
-3796
8037
50386
82606
-23891
75428
-20756
-41955
-29928
2053
24376
-2033
-71994
-4313
-90409
27941
14141
37887
-23855
-37250
-6142
-49833
-9478
61706
-13504
96125
-14948
49347
-26092
-53746
74983
-87944
92030
86973
-72579
-56585
40451
-96696
-25291
93372
3104
10147
-80898
8976
61685
-55174
-28559
-66547
47429
62634
9294
-15633
-18448
14171
-20057
-31286
2851
-42473
79836
77810
67170
78104
-55825
92039
81023
45763
52346
9948
-25873
14390
21043
-4581
27654
-31031
-53197
40706
-29599
-8087
27777
-69800
-47299
40032
59069
-158
39679
-68504
-4597
-24434
43814
-65083
-78497
30230
16568
9307
48984
90429
11833
-25061
-49072
60888
307
-86096
57349
-54783
59901
74047
-62881
-99705
42435
-66984
-72741
87122
-36018
85813
90671
-46185
-87053
-8071
-50482
-38659
-32461
-28082
26648
91527
81508
-52366
-20342
90577
-20583
52640
-65406
47396
-51624
22956
81057
7920
-30252
84195
67648
-43896
-86775
-45671
73270
-76955
23694
89039
13171
31184
72453
43059
-34398
98601
-8589
-54712
95435
48102
57150
-78915
-64746
-24059
91442
96797
3035
-28954
37495
-30754
-11087
-34924
93435
69550
80496
51988
13327
-79741
16771
33288
9752
31492
-15271
12326
8991
-84862
-46792
5533
-58680
16590
16003
-56194
-26316
68051
22954
76270
-54820
-38074
21920
-24017
-36513
72715
41312
5453
38526
12822
9347
-85542
67552
-22619
-81078
-97752
-98839
4750
76745
-88412
-56504
76547
-52958
-54402
-79328
-79574
91455
8348
24489
20531
-78880
-28152
79829
91444
86468
94292
13232
-57662
-30996
26973
64665
88117
-76743
-86278
-61849
89738
39896
-49014
93417
85837
-68088
3231
-62250
-61909
52106
-16192
-28039
-63969
-2712
52480
27040
-56240
-79077
78043
-15485
5978
25583
90963
-24958
13941
5810
-66878
47361
-99315
5694
86138
-79837
18157
39667
-31878
-6620
42209
2817
41416
84139
-76354
92837
15197
17720
-17575
31780
-27942
98423
30367
46114
-16642
-11740
45687
64595
-41530
-22935
69036
-16790
55770
-12152
72639
-70501
41650
-84218
-21212
-67081
96399
-16287
83751
98399
461
14206
80329
-63974
-97055
87404
-83502
-32916
80229
30929
-16127
-95054
56159
87424
52725
-44549
87968
69394
32084
-71870
41872
36402
2717
38005
-53979
34703
45446
-14951
-39107
2682
-24652
-78243
14354
-45810
-36547
8580
-37236
-28620
29696
4316
41371
40369
-23003
-18655
-82158
-22663
75721
-39514
97656
-87510
-487
24035
37368
61618
53369
52432
-48224
-27572
-20389
7452
-97203
-94574
-9134
64414
-72229
-26545
98142
-35700
-35453
73707
-80473
93031
54879
18319
85376
67089
-33482
44911
4500
57713
10640
29458
-9295
78086
31042
-2589
-33673
89049
-31951
-79753
-58828
92929
-35155
-49817
33169
49909
86153
-97808
76016
47365
-80848
54964
25757
79282
65668
28005
-75662
-93307
-88036
-21040
-61253
-7122
-26907
-21079
-88098
-21172
82714
35122
-76747
57432
-39361
44088
7097
-83595
19679
-87040
89784
-10347
646
7087
-57250
92065
30182
-84607
-21760
-15227
-97835
-88924
6831
76713
-16584
8295
-36721
97388
33536
-72335
85159
-60166
-21239
72444
-39538
45961
-11180
-5148
-46416
-76551
99584
-39009
-44480
9802
88711
-1216
-87503
-10285
70601
-23799
25341
-30791
75967
-56158
-84056
51485
-45518
-5039
-86030
46288
-81843
75922
492
-15291
-94492
77318
-72456
-79380
-46497
-84734
-81793
14783
-96808
11800
-40883
-85453
74534
65257
-50395
-61648
12531
81781
-99296
-5089
-25569
-51894
-43687
-64961
17156
-17494
-53531
-20211
-55989
75095
73143
-44043
-82724
42338
-67373
-77346
-50629
-95863
-99354
-60523
-31045
25962
-69949
79524
-94107
-85323
-80302
-47123
96059
9630
48559
-94872
-4468
-58191
-77812
-36142
-66085
-61576
-11360
88516
24901
-76679
-20465
-80123
-12334
-19839
-64161
-45175
-72793
-40413
-31809
-81915
-64590
62546
-47960
99734
2753
-4125
-70968
-36342
-33781
-5989
-33350
-11581
-33765
-76946
20836
-48610
96812
39036
56502
-200
51561
-37342
-24516
-15384
-93790
-65114
39028
-6010
46074
-36698
39763
-46561
75815
38801
76183
-8160
49698
-55308
98578
20798
39224
-20248
-91779
6605
43759
-51816
79830
-15954
-91009
-58797
13089
46174
78355
-71814
38917
-19870
-50748
-11173
-41527
-32965
52054
82706
-85880
8982
70172
15476
12349
31368
24355
89817
95851
-20982
-91225
-10770
64055
54338
-73175
75448
-69638
-33043
-75102
-98746
-37364
-9103
96209
-85933
-75148
-57459
79287
71605
6521
-98090
37149
-46591
97849
22608
57948
38071
-20444
59153
5297
21425
45427
59994
-61159
-75365
64822
-26955
-69394
-59835
98076
40604
98748
39602
-49189
-47293
-61141
-81329
2233
-82397
67043
71598
-63587
-17716
-53349
-79936
-61216
16828
39230
21913
-98507
69450
-94570
-30009
-654
-72973
80146
20374
-20395
83578
3960
14674
27376
80456
51891
32384
64948
83746
-36333
38312
-91855
-8545
-51972
94473
-24616
60684
17228
-48518
32833
40154
-34139
-20208
80729
-68758
38592
-45995
45844
49149
67344
93614
-85115
-81550
-46200
95928
-63954
-11966
44220
25514
-56334
-3650
-52084
35805
30387
-57870
-62989
27716
55609
-37558
63208
59402
-9985
-91567
6914
-74814
62757
-46284
24200
93092
94867
70690
66409
-78585
-81209
30747
36163
95506
89774
-42999
84207
28187
-98875
-43257
-99349
-47062
-21108
91212
-53232
21421
-1270
-64197
27107
-70964
-50507
32248
-43298
1767
35410
-15562
96771
-80909
31538
-60263
86477
86106
97813
54816
-53887
95985
-81670
5788
60750
-5877
-60477
48612
51702
31753
-68486
-33372
-3511
-26358
10026
33919
-11364
82251
-94513
36954
-16501
-57680
-62002
41993
-98342
58289
-20159
18243
-93935
95044
-50097
14581
-81194
92138
16390
6087
-11358
-4323
80060
-22261
41373
-95129
50387
48730
-28628
32310
-25138
-93965
-26734
-83444
47885
67678
76081
-12542
-83578
655
39623
-42293
-5545
-49925
98070
-29466
9599
21903
-91355
-80301
17423
35659
10005
-34400
69685
-21772
73108
-8782
83710
62690
21403
41219
-62476
-9967
-52987
-21242
42088
84581
-24905
-68870
6735
59911
-1430
-15885
-90396
14819
68818
64837
36125
-28568
-72076
78825
-64517
25963
21171
-58568
-17313
-40593
-44397
68172
31148
-68499
4718
48285
27770
83605
69924
-23205
-11937
65774
-50524
9493
-73208
-68502
61674
-23974
61715
47593
56404
22767
-89524
16302
-13718
-31255
91857
-25073
61709
-95095
-52349
-98189
-96627
-19504
-5691
66731
-48577
-34807
19149
-15720
-18321
-57249
-75756
-88234
72359
22099
-11027
-29975
76148
59245
8745
-55081
41112
-99940
-12957
-64616
-65437
-99381
771
50450
89689
-43431
18105
62101
85804
97623
61110
-18225
-74268
-28697
-27459
-89657
96665
-42445
-2411
46110
-18832
31606
-68023
54096
26990
60924
5693
30232
-63997
96740
-64584
64368
-17144
-46645
-92225
36999
-64967
49817
63995
-42300
-13264
77859
-13320
-18261
21402
9161
-56529
-41125
33917
38080
59349
-24918
56719
19587
-66274
78049
89280
7723
2599
-75862
68527
-64480
93973
-82647
86970
1131
82446
85108
-95235
-38312
-45869
59989
85040
50900
-60527
82985
-16975
74035
-7116
13157
-89652
74987
68542
56771
40326
-57407
-6519
-39267
12372
-9925
-78856
-57576
97915
3060
37399
22513
-88692
-32120
-76689
-55431
-21014
20322
93471
-88497
47267
38906
3367
85062
-9885
-73817
-81930
34367
27085
64720
-3373
12939
-28643
64283
-85173
-249
23320
-21200
70300
-77613
78379
91329
-30987
-49262
86781
-23586
-38228
-81957
-20683
-40052
-66951
73389
-17075
84904
28297
83178
-43457
-16095
-7007
77124
79183
97400
-21495
-66288
99221
-80833
-91718
61433
-97378
59260
-21203
-27215
-61969
60692
16080
-52219
43146
-46606
23515
70637
-74174
-55296
60668
15510
44039
47777
6644
-61268
912
-23261
55422
-53074
-3088
-92028
-71767
-98315
-31068
-91253
65227
84469
-86858
-82641
26425
17275
-30049
70416
-10991
-7614
29748
-33180
91013
82013
29159
-12039
-30923
38490
-31993
19175
-11394
61568
-60885
-92356
223
75374
-80201
-55606
-72011
-34422
-79214
82539
24751
-49234
13478
18031
-22969
3881
-71185
-3189
-74674
96180
99589
-17980
-57124
-85684
-96365
-11541
-50413
3838
-75455
26046
-33246
-14913
-90723
-75503
-41587
-61744
-83394
41443
-42896
37625
-37021
33001
14436
-70803
24870
-10908
95280
-40823
-1413
52742
-94418
10865
75674
33989
-19362
-61809
-4680
-24842
-93668
-63087
-20210
46136
86322
44714
15325
-15559
15552
7003
65754
23698
44073
60673
87553
-64427
77331
44800
36297
-21502
34325
-79341
27223
-50805
-49451
-60343
94394
10319
47494
91764
-81037
-47757
18515
95664
-3796
-35655
19837
23914
17774
70486
48659
79269
99447
-30263
-76614
-92933
-84035
21215
94032
44078
42997
79997
93001
52553
35722
17525
-75941
16075
41179
-41204
-98149
-18618
39962
-33449
-2994
-28102
-19241
-59474
-18332
-19755
77989
-9713
-40093
86643
81064
46830
34155
76618
35677
-93821
-84563
-64929
-61036
53955
44451
66835
17344
91260
47030
-647
-95526
44182
26352
-74845
-92754
-60959
-18379
-64062
21951
26799
-45287
-741
15380
98242
-62189
97315
-96429
62803
59514
-12795
-63025
34580
-70480
17600
-29534
-20554
-55424
-74746
-58409
-57176
57583
-96251
-51261
17015
35184
40703
21008
85213
74664
79800
-87951
53849
-23936
56691
-74007
25031
12390
91888
92121
-1808
44135
-60918
-86061
11899
91380
-34721
57767
-98801
66656
86639
37592
-98436
46739
-49830
-52353
-27615
58893
-30767
2181
56485
17356
68931
84190
-14709
-90146
18529
-83028
-81740
1364
-13507
-30687
77878
27350
19254
-21778
-89574
-6126
-9983
66044
84784
-82433
-13735
4961
-16376
-84916
13395
-79550
39974
17029
75586
75469
18780
17137
-17589
44557
98927
19822
65420
789
-16990
-93197
-43893
-26817
94696
32984
4152
12669
45116
83772
-61080
-82028
-61715
-68163
37391
-33951
-49842
-71065
-91956
-17166
-8145
-99985
55511
-38020
-54323
-18447
42517
30115
17831
-66848
24683
80563
59286
-22071
-78242
356
-72333
80616
-36088
31982
-84097
-97697
37306
-27060
37869
73264
52647
544
-8073
-9000
40490
-49806
20712
19064
98949
-37606
99974
-91686
-59253
-64927
-97670
-22122
56609
-54396
-51422
9131
-58630
-71603
64605
13771
75297
-90551
39090
-64057
97505
-62169
-56836
3662
-13898
-15021
558
76419
-32353
54848
-91583
-18695
-37387
-97128
-6247
-39682
-76106
-27053
81057
30528
6051
-25262
-35131
-72255
9285
89109
-18175
-87328
-31090
19810
-53486
55545
-96693
9771
41738
63129
72057
75480
18764
-57292
-95523
20364
96089
96654
94647
-12372
-32828
27120
-41115
-45883
-11257
-97682
76586
-78605
-5724
89657
53884
-86194
55310
37718
-55272
-13230
23402
33175
26373
93795
11583
-20967
52203
13879
2901
-71974
-87220
13669
5705
48890
98323
74568
90205
-68478
46585
-83998
-81361
-86023
11242
-53840
20845
33018
73657
17678
-82248
-53796
9900
68131
70529
93332
76022
-3552
73348
-8554
-54157
10746
-20017
1624
-37986
-36774
54664
-35805
58483
-58553
64467
25883
-38417
20988
-6946
-3809
-55914
-76996
-16696
-94770
4688
-50076
-90218
10274
-30315
91368
5783
13828
-81339
86835
-2868
74384
-21138
-94639
-50776
91173
16230
-58435
36187
-89759
-37817
-24646
55435
-50698
62994
-12115
-67869
81601
16563
11957
29460
99845
-49380
52782
-59836
-95029
-39530
-5222
43725
-60495
-75321
5492
61442
19139
81012
92512
-47269
35765
-68808
-80914
90417
51705
-38129
23869
56175
-38075
-48533
69811
79579
68753
42895
46421
-95560
-91944
40077
68340
-99045
-57190
24966
-11851
-38798
51519
64144
-50070
52774
-37769
-82078
68951
24280
-3793
14493
-91294
66400
-70494
85062
-14861
91765
-91731
-43180
22812
-31575
83207
95803
-57847
88226
-56216
86136
87151
-73398
-81565
68723
-41929
33697
-23845
-1908
-53072
-42406
-31712
-20761
68492
26914
98513
46772
9769
78810
99739
88215
39190
33727
-94991
66081
-56667
-84863
184
-36837
-66946
-45491
26259
38604
-84697
-12522
35023
-50911
90621
10601
68821
-5122
83405
82757
42949
76842
-27659
72081
10915
-63576
-10577
62336
-87662
5823
58264
-8529
16729
66897
-1820
45844
71713
83162
-64903
58295
46510
-48287
54224
48247
-34614
-41413
77729
-10404
23294
98767
48641
46592
-50943
-34806
-24052
51463
-66062
71031
16919
-78102
68403
4872
91779
75638
-30453
89358
-28926
-47245
84009
-2046
-56541
47239
39185
-82814
-40659
99796
48478
83261
29372
15368
-88944
-57285
61130
-24738
-68824
-95679
-3406
40261
27978
57682
78630
27391
-77028
-12962
74213
93196
85668
20064
81831
-7261
-22657
-66583
-91485
-14209
52391
-57161
-7261
34021
49657
92231
66154
-17682
-14931
-51994
80356
14725
80938
62725
-73562
19908
-95535
90135
54836
45231
25571
-45412
23948
-61774
-7530
-15810
-8915
-89001
80169
-15408
-52741
-60292
-3611
98602
65648
-31966
39790
6061
22477
-13848
-67404
-53187
11940
74921
-6125
-32242
-71037
38867
-54064
-17228
-71128
87709
-43356
97123
-16874
67772
14771
3906
-6101
-16981
-67862
-42875
-50331
-21063
-77376
55907
11434
44812
-41333
77844
-42220
98847
69921
27916
-98923
4854
-60513
91306
-68317
46990
-66617
57925
-64325
-97373
-18288
-58431
44780
-12223
-81166
25804
-11547
-13669
-21530
67298
39993
-47192
53219
-78541
-92031
-23993
-60741
52212
94318
16623
78658
-8175
62957
-72658
22065
34128
87918
56945
30579
67148
86714
23886
-94031
89487
-63600
-69280
9345
35503
-54961
-79502
66617
-3289
-91842
9780
-76376
63167
19104
22762
-40239
-54425
85684
98615
-95128
-73308
36143
-34376
-69650
72722
50063
24514
-98722
-69241
21743
53812
-92218
97389
-81235
-85467
-86387
-90161
46090
85354
-78777
77183
18136
-62395
-52096
-90214
-37905
-23764
1961
84077
49685
83066
33596
-84565
-75751
-46645
-78276
39703
61589
57753
5545
-29506
-72012
-30979
19450
34665
47701
82295
-3125
72579
40718
-72347
76406
8691
-58274
-77390
-78676
-95843
-17789
27552
-83711
74874
66597
67453
-37469
34934
-26695
-18942
-957
2995
48347
13825
63608
97322
-20323
61045
-111
54898
-9403
42626
-3640
3285
67402
86710
-14043
-1493
58263
96310
-8922
-91401
-94338
63902
6833
98737
-94976
-42510
-17550
62644
-61806
34585
62984
42889
91538
4922
96680
22095
4318
-35535
99873
-86009
-35258
-16131
57943
61999
98104
53046
-15361
-28218
-42266
58127
-53795
-43043
31287
-69937
-87955
-73233
-78123
-45066
34508
77345
24358
-79818
26246
53843
-75642
-41556
-100
58974
42410
72029
91144
-28338
-65457
-48823
98301
-74190
-88743
-96006
87941
-49578
-24382
-90014
-55818
87798
-55395
-18363
769
73233
-76987
-78300
-7866
84973
-30031
-5161
-7132
-80301
-91081
-32287
77166
-30456
84394
-69573
-58754
66645
11484
-49467
-50794
9768
-36583
-60654
50508
10118
-32064
3556
19416
-60405
-70239
11464
25084
66466
-17862
69005
12345
-56484
29839
55172
2100
-55178
-55180
99430
-85324
46710
-72407
-41482
-70834
52440
-57494
45439
97137
8933
-70713
-89277
-75258
63065
12367
19308
-93981
-64526
-64789
-15112
38924
44655
-78903
63000
59335
-98869
-67948
6182
-27587
-14564
-57715
-48894
-81263
70400
-88848
58367
93675
3240
-77075
-73216
-81065
-64339
-51424
28150
-68567
11861
-30622
65755
72186
90633
-22360
83965
7032
70180
2004
3749
-3949
52957
2453
-65575
-42544
71844
21133
85525
94174
-18866
-46354
-19763
69326
51988
-42463
-96763
65250
-97152
-85291
3611
-81910
-97123
-88794
24982
63724
54472
-91619
11662
-60325
97634
-21174
-48079
-48986
-12944
84028
-14190
29351
-1059
76017
-44584
28499
12037
60582
95546
-2204
-45000
24495
-47952
-72959
60594
-86880
-63585
5830
26555
-53901
-5451
-29526
-43346
44919
-47796
52662
79180
-18137
-71302
84645
-95133
31132
-4418
-73644
71459
66433
49540
-54914
89212
1056
-22943
-68420
85093
-31433
-87852
3366
1116
80550
23454
-75308
350
176
-64465
68939
71421
-76529
65145
39699
-5907
35402
-63670
12135
1031
70229
-74586
81282
-82979
77312
-82710
57137
938
-19249
-42711
74872
7500
-60304
-23217
11868
70793
-75450
-53489
87914
-8298
-5578
98797
-80423
-83291
-23895
-30792
-46863
-65576
-86573
-10874
56121
-75415
56748
67674
-90444
-60944
48633
-5524
-50340
51732
75524
71300
22066
9629
44460
-77764
-80251
46832
-37841
-5097
-63814
86633
84492
53228
-21973
33915
-98363
23804
78626
57100
63254
42680
30171
-89352
50927
49367
41635
-41953
-63219
4829
68545
-3861
99230
78317
63533
49180
73598
-70713
-55627
-53427
-2497
-50048
-52439
-4791
-67897
74091
-9046
-82494
80254
-89855
-77847
94657
-65404
-74296
69376
-21811
57427
-74305
87440
12455
33825
77692
26852
82382
10045
49588
35262
2455
-63867
-1516
4500
-80595
-76999
-17966
62473
29467
-14678
-4153
-77753
20965
74328
16315
-95133
-78514
-5654
20946
-87877
9659
-21490
-63046
7700
62137
-58196
-1818
58623
44719
36138
-76274
-39174
-59871
-1907
56649
-81637
-80031
-79155
-60835
20710
-69715
-64580
28012
-7709
98091
-99598
-60093
75752
-85875
-42897
23832
-77586
-3888
66078
-85376
61980
83123
-8320
34120
63011
54350
30808
-72903
52213
42132
29881
22471
4718
52350
-159
40445
-53932
58095
-14887
-76771
-26286
-51615
439
38615
-8048
32507
-35844
21398
33696
29833
84918
12388
-67504
-31689
-83498
-31397
-65290
99686
27262
-56741
694
-81811
26459
17174
-77149
-51899
-74418
69702
-89548
83006
40375
6526
23799
-75175
-270
-23617
27736
52121
-73801
80578
-11077
23341
-81738
-42320
68039
59338
-49067
-77400
-61883
-15099
63027
-98101
-49454
7107
54361
72013
-8633
-46606
-82292
21684
-84093
1398
50501
-42659
-11650
-36298
-20215
23421
71136
84951
-38197
25148
42004
-58617
18837
-13011
-15229
42751
-66941
-30384
17384
-93717
-6771
-35638
-59574
-40051
-46727
-18330
76357
-25421
-9005
11067
34210
-32900
-80547
10396
69308
-21481
-54536
89958
-12169
89949
-242
-55621
66406
-87170
20081
-29030
-67854
-34661
-24945
21269
-72847
-6663
13053
72029
70116
-90190
-38567
32625
62175
2106
73917
-87399
-96732
18851
68134
-19284
54596
-78024
36450
33004
80194
17372
89073
60089
74338
6900
-41841
95340
-46312
35903
-88571
-49992
-51072
-72465
95108
-32071
66983
12277
-10447
71762
-94976
-44844
15275
-13379
59978
-5224
45988
-85085
6837
44920
-18483
84611
10965
-29495
-15787
-20267
70742
-29753
28869
-60621
21424
-84426
8556
-17122
-57662
-95194
-90356
-10795
-86644
7066
-69500
31594
-31500
-21554
18792
-52367
11585
90556
22580
94067
62968
-24405
-9224
33207
13658
18707
75809
-52668
22123
-22765
51095
-8532
42557
95649
-65193
-47987
-88245
-42267
17105
-61711
-33550
-31459
32540
45344
63200
-66336
22042
-47123
-72457
43260
-77549
-15540
-1477
-23011
-8710
-47423
71851
13186
43394
-27787
-26380
-15689
67988
-88960
42518
-31860
85519
25563
-41380
87397
-31144
32628
-36145
50439
33192
-18253
-13787
53966
36583
65907
87018
477
-84900
-89103
-33186
47458
82898
52529
-28645
-88576
74281
65617
-27657
-34761
98264
-76603
71619
13894
42963
51828
70644
-29235
-63037
-63645
-4145
89007
-75265
-39180
60882
5089
-80828
6887
-1221
-50680
-71899
94254
-16010
3111
74311
38108
-71412
29777
9489
-18814
-82552
-7884
-29433
98659
-61425
-24569
-81631
19759
58647
85972
44856
88399
15509
60229
-83967
-6367
61414
-79938
-25609
98815
25640
-17749
-5716
-60038
-16797
70215
-6578
-88746
17392
97270
17805
31263
-93671
13102
-96080
4547
-90594
90154
47175
-97417
-71954
66366
72218
-94464
91283
13802
51851
-76312
88697
17298
-39532
-78599
-37659
-46359
49235
92972
6474
26378
-41077
-6404
-85739
-63098
33379
-29611
-18816
30857
-46865
63823
-96333
23751
76700
14113
-96593
-26174
20767
56261
28699
-6908
45882
8849
-9591
40302
-28421
-47852
-98453
36160
62028
17004
-1467
-91151
56489
81284
-88173
-49656
-44170
86877
11565
85047
21932
-81996
41735
-39845
36391
-33126
-9935
-92713
-40631
86606
-46232
21229
-28978
-41021
-27496
-67106
-71598
-29636
-35097
-94701
55902
-75142
-83440
67468
8199
50669
52841
-1452
-59045
4758
-13887
20944
-74487
9935
75070
38795
1150
-7867
43618
50817
64386
-15173
34071
-96376
-37981
55071
14577
16996
-20366
-87645
-27197
45705
-77876
39076
77507
-15054
52222
-16705
20157
93190
-17465
-51633
14832
-70959
3770
25342
-38478
54825
69659
9038
1133
-6535
-4507
-52865
48434
28710
-29617
22932
31327
-80319
-69825
50866
84844
-77139
93688
6848
49643
33019
-67673
-19305
18730
-27638
44107
-98488
-664
74724
19381
53116
-12759
-89047
-5716
3610
8696
-55976
-27703
2450
-60125
-51361
23836
21185
66480
20246
-58738
41455
40784
-6950
91021
-2434
-29039
13170
50560
43024
60454
-63270
27648
-34316
83223
64166
75345
-55370
-10834
-72768
53929
-69592
-38218
84272
72377
-51238
-375
53094
47898
85501
-64590
-28873
-83760
-40227
-60302
-65785
25410
-90168
37970
5332
7476
-34551
-74294
-14657
-60640
-88029
38862
-44341
29999
-29199
19397
-19577
39594
17887
-67256
-59410
-57119
34994
67767
-81892
-97536
-33925
50775
-66445
-29466
-92896
75524
14021
69769
-62087
11573
47241
85053
-2787
-16611
43513
28977
64481
-68270
-81776
99556
-7702
77329
50311
38331
-57690
-2444
16651
-28715
-3598
-55929
67582
-89237
51108
42745
35760
-97814
-83644
4177
-58089
21207
36262
-6147
71815
16160
89723
78561
-64084
-52922
50084
83335
-15205
56143
-86670
-9343
40211
33615
-66626
-27662
36396
-26544
-98364
-21461
8507
-92956
-62705
74796
-7938
49811
-22068
-71714
-7796
78356
41654
62006
38182
-18412
-92064
42482
-58921
-7705
-82607
40714
83602
-63788
-27472
72810
-21905
-30300
-70078
-93150
62566
-86533
57139
-14201
-10403
96889
23882
-1064
-45489
-37730
-41789
-75150
90099
-73508
-5599
20956
71043
-25853
62444
-10568
-70963
-18102
62603
30576
14119
45488
71082
-17536
-59287
46602
-2570
-59634
68708
-25287
3205
-42653
-38893
1890
-23326
-73488
-27830
-56986
-20233
-46273
59045
-8835
20754
-1671
-56120
63696
-70829
-79717
4846
62021
48272
6449
86795
-86695
-81127
19130
-44889
28576
-27783
41284
75812
-42630
34726
-21018
-89815
96301
-70937
38573
-3422
-93918
-90035
-46177
70209
-25309
73867
-14999
-86324
18729
42260
76681
67015
69763
48804
-33190
81256
84441
-82126
-86105
-35354
91074
93208
-16321
41663
-59682
-62507
55056
31262
66727
13793
10427
3498
13028
-87001
-86516
-62387
89544
40840
11818
11901
51614
1676
-56215
-1238
70049
-58004
25439
19198
46649
23816
-5491
-29888
3497
-26745
-68990
-81644
52152
95774
-290
71127
71695
-49093
30233
-22806
-25496
15166
95785
99113
25628
93885
-74377
-64476
-29827
97447
36823
-79671
-35614
-38045
-3856
-28447
-51604
-65146
45912
16717
-3097
98344
95371
-44851
36830
-65176
-16046
18015
46397
21458
-42409
70548
-96210
70117
-4168
91025
50960
-60666
21145
-11863
-80177
-55990
81702
-30830
5397
-45904
-71857
-1392
21405
5887
27792
-55964
-2240
-78307
97040
23197
35712
-36526
-56886
9986
65416
-56076
63141
31648
41605
-91426
-50782
59105
25339
12002
-3878
39129
-2017
-60600
-68035
28643
3092
40229
-86789
26691
-6336
1016
83868
-51111
-69694
-52672
-79812
42154
46070
-35260
33060
-75266
64033
89490
5478
30768
-3466
-32879
-99519
24411
-49186
23977
-75398
-58397
-18901
-88705
79617
-50912
-94992
-21291
58436
-33557
19757
-20884
63916
-76355
-99832
-69435
37964
-67043
32645
-81660
33133
8642
3541
-18777
-67039
-23693
31034
-37649
-74034
-55262
-41858
-70500
-19586
-33165
-74992
-62920
-80843
-14442
-47994
-98335
3370
5265
-59043
99073
-81291
8674
-96956
-21905
-90589
-69774
6275
69993
-41571
23870
-16773
-70464
-7978
-84086
24169
-20679
-1487
2074
-92317
-49753
74201
9634
45877
93159
-24821
-54961
-30645
-14649
66804
-33960
3702
75258
48234
82394
24659
-73316
-46203
-43497
-87856
12936
-99068
6964
47675
-45344
42995
13052
42265
-9752
23048
67467
-2439
-102
-9383
-35682
-36824
87624
77373
-70911
-6661
90312
-76930
4845
-6825
35392
49029
-5000
-21632
-2361
-29107
20590
-37265
45315
19897
-68700
-12436
82476
-11056
40904
-53055
67822
-85859
-35962
-62080
-46023
37306
-21222
99304
78971
-89427
-47174
94366
90986
-45843
91829
-46145
44463
40736
41121
85548
60870
24556
57668
-67383
87288
-24654
62276
40292
58336
21254
-92714
-33306
-40472
18979
45657
-32895
99819
73570
-62927
83188
-89167
65995
-22048
28208
94683
-42454
-683
85838
49095
70503
-31320
9855
-66542
64545
-82195
50947
41708
58802
52934
52734
-17211
-16387
59890
-34231
-35060
81586
-44362
-79079
-38967
-76565
-4918
55447
-65746
4288
-35570
-38198
-45965
56662
-25987
18338
-76274
-41191
-73702
50576
-55629
99910
53084
-73781
29769
80140
11270
-53837
14632
-55066
-27176
-87007
18565
8968
-51970
75563
22300
88534
68902
-19281
52580
75120
-17577
-9019
45505
68757
15597
25328
70171
-44390
65601
28181
-76173
-8274
-23426
94559
-62091
-81978
32992
17164
-68563
69735
-51141
-25323
44782
96931
9413
87544
71855
15028
65224
17231
13989
58607
-16143
-7303
58651
-25492
-3751
-80768
93577
11148
-57756
63799
27694
-51768
50862
-93739
90564
81362
45568
-78011
-4755
-92313
97171
-99037
-36487
45877
25413
58730
23847
-49132
-89977
-15384
74733
-16708
42732
-91057
94785
-4382
-57054
-95587
-48452
13580
46955
-69908
70405
-7523
-42477
-63910
16635
-38550
-75614
86788
58322
-63363
86548
36111
92970
50985
477
51715
-13600
-45393
70314
-48722
-27911
-33432
41197
17722
-84000
32359
69319
-42803
64563
52602
59147
13080
7210
-49122
-16652
-86233
34529
68727
69164
-76904
81883
-8289
-57941
26971
61289
-78237
11041
62250
-24784
-15903
87466
-22474
-11475
-18899
58720
44819
90583
14954
27375
-68136
20494
-19958
80494
45927
3521
3830
-81195
-90769
52565
-6034
-85286
93964
85345
-90426
-47750
98819
-2709
-65314
23465
22501
62361
7142
12900
93160
57111
87803
-33258
75177
-87128
95629
67399
15194
61329
-73351
4655
-89206
70938
-80612
52619
15430
-24515
62020
92688
-70245
21526
-21791
15207
80891
-2296
52463
-22024
95658
25206
11937
78742
83432
-21226
5054
-14387
68626
-42321
50750
79864
69168
-1088
-45754
73388
-31377
70727
4786
13209
-6096
-89184
-93209
-16323
24986
11441
-464
-62446
-64802
-25381
4421
-60058
17812
-50436
29677
-73725
24638
-45130
-57100
38400
-58022
-82632
36807
-74555
71061
-85883
88057
-66192
98389
48228
89325
20826
68554
-93370
-63806
76327
79336
-40801
81493
46823
34220
23065
-65072
61497
23496
54885
-69322
7293
60954
-66346
-83285
-18913
-46576
-33895
-50278
30285
-8599
32450
19182
31297
43108
90394
43325
-88051
60471
96726
-36970
-91056
-80698
7837
-670
55003
35422
34527
-51316
-95343
-76676
27655
26696
24947
55311
61949
60
25351
-18852
-99364
-45077
-46561
-38487
72650
575
14704
-87822
-98237
4527
-23776
-88321
-67161
84561
-39402
-54352
99210
-7343
-93434
61221
87916
-48008
-19685
18112
-74286
89224
-6689
-26944
17491
75055
59274
2437
-62358
-96980
55910
92432
-33399
-30050
96599
-62384
22468
84091
1248
68021
58257
15097
88455
38312
-17298
-61767
76286
-81089
64578
31475
-17899
-51798
42952
81259
-47065
-80536
-58418
-23445
59578
-91003
61462
69876
-67136
43116
41032
7973
-13121
7053
23444
-98897
-75900
-17146
64243
37945
86033
76024
33936
27132
-2301
18391
-96468
41073
56668
72424
68887
22197
37515
41030
2515
-80689
-89457
-3746
45607
-38169
92989
-70692
-97704
-54648
76697
-41460
-91768
60787
78761
45072
21187
33419
9816
57314
-96030
-27099
-48886
19281
-76030
906
-3851
-47830
-7400
31288
-68948
47990
-52897
-91568
-85926
63952
-57961
-31337
60100
-81074
70970
-98235
37130
41026
-26417
-48451
60020
-52517
16760
-46971
10938
58163
72274
-40579
-13114
87588
-66671
-43578
95468
-35685
-158
55893
63905
-10129
69490
-3427
-96173
-48698
49459
26919
30251
-19919
-81625
18177
95292
26683
-52101
-1913
47934
-99453
70189
70824
-68658
32123
13179
56421
-38908
75070
81841
-27789
-96219
-89795
39042
69276
63690
-48340
82442
-13501
98169
96942
97500
72660
47056
-77091
-53055
-52
76912
-37608
63491
75596
-28671
-91944
22250
77700
24
-8917
21473
-86409
-92760
50462
44101
6384
-6608
24893
73050
81483
-33855
68172
-31130
10341
2971
-10535
-71379
97448
-46232
81062
-27503
-1085
42584
-72481
10104
-74512
89396
-57243
-52673
427
-44741
6364
-27387
59581
8862
52107
-34156
84657
73004
-95055
51181
-59627
95955
-25681
-90257
32198
-87488
13659
64038
52244
95528
83260
-43414
-17800
3873
80879
83723
-31820
-41605
-50168
64724
34543
-73749
-96747
-73280
12872
18099
2853
-14088
-49375
45825
-47457
28919
9824
53090
-64363
70289
-779
39677
-48785
26758
94145
-54597
-59418
-40233
73833
26212
-16250
-28478
-81684
58245
25547
39551
82033
85389
-61063
-90616
57856
50982
-88890
-60245
11639
-6837
93033
-98266
-7647
61259
19556
-42585
37995
27415
-5241
75219
-87393
-15631
-58554
-10224
-17025
55336
36444
-30545
37250
-86776
-51793
40715
-93792
447
-6915
-45716
-7273
-58998
84946
34174
70712
-54248
-36847
80024
87886
78260
46143
-34702
67879
-96368
-40973
22683
-29434
29337
-2505
-34078
-82937
10210
49586
-10324
-67004
-919
23792
-40707
-66152
-89930
-59039
-33542
-47788
-73590
79391
51718
-3636
-34082
-21481
85704
-79405
962
-80795
-24900
20107
96750
-68014
-38122
-56157
25238
8381
83861
90845
39385
-47731
46773
-41652
38525
-64260
-29918
-44720
21278
-21287
-47917
-34396
44280
-89102
-93574
-9612
72426
12334
-94305
-84904
-15191
71825
75405
-11234
69611
34011
29651
48688
90875
23492
-20229
41867
-92623
-88046
-16083
-18188
-29712
89376
78928
-68238
20674
56817
-110
64865
33918
-77727
57945
-53779
68217
-31688
83676
-8732
-99679
-12066
63864
-90079
-42124
-39629
57128
-99575
-72191
25971
-10798
-78681
-92051
-28715
-52505
-22350
90851
25080
-44137
83882
77677
-83966
-43518
69447
-74565
-38444
80568
-34650
-58536
97095
-32318
24653
89550
64195
82199
41062
64518
-5210
-77444
-79528
-20171
34027
-87269
4449
-57285
73275
24671
-40067
73508
-62708
-34907
-23225
-48600
-26094
71754
-2848
-37452
39628
43969
-71757
-49457
-28178
-40427
83124
75816
-76878
62703
-5037
68117
32781
-56034
-3749
-9050
76055
-79799
-373
87342
6220
32236
17301
-96535
12973
89291
-58274
-18782
55867
-41670
-35519
-11424
-34867
-88685
31486
19833
36500
9498
51579
80144
26734
-93527
-90579
43079
57063
-50712
-56451
-72416
-90131
-71789
-96464
-12173
-86909
60275
-98672
25287
32974
8791
-14811
-59515
36212
38149
-63945
25279
-75926
80131
-49283
-34840
-11086
-12633
33480
-60215
-92277
-33967
60071
1603
61036
-22879
22861
-8981
-27377
-14058
82509
50984
50735
-38064
20423
32953
64870
-86029
-76069
-63593
35161
91896
31125
-38182
-69238
41457
-10545
40959
-40762
82034
-45361
-19687
42819
-25395
-50316
-29896
91187
-41787
5253
53222
48224
57164
-97951
73099
-52228
8087
29213
69121
-2816
86386
-62033
64916
16831
51316
52271
-55568
-71721
43054
96890
-60727
-95293
-36622
36214
-69941
62321
91717
-73245
7452
-6270
-94060
-80451
81652
22705
57524
81179
46975
-23217
-78102
11488
6524
48328
-17341
-1602
-63089
-1455
-20270
-11664
-4267
-87864
-1765
-558
57934
70503
18918
33805
-79060
18234
46669
-43266
-72102
-85823
-22823
-36409
9304
46854
-38411
-69394
53641
-34086
58288
96784
38226
57138
76795
-64079
51754
-72104
-34206
-97576
-78398
8297
-7619
-363
-92787
49519
80344
51092
50053
89023
80912
-65778
45487
-79898
90943
-19397
36723
-30287
-21962
-36974
43932
-31565
-58866
29274
31680
56371
-41075
34100
83028
55992
-40725
49343
27845
-98325
54316
75964
-58554
-38446
68100
73712
-53763
68290
94029
-91416
-27881
-95678
68943
81901
28568
-19894
-21368
41484
-62524
71767
-83815
6777
66896
36925
-2957
7190
-28633
-38086
6934
47698
-60111
34659
-77897
70968
-19468
58242
28899
44961
-16699
-61974
17760
99775
-4035
-94179
-29522
80353
-77349
55360
-50858
12639
-31557
17332
-94885
47024
-32976
78561
40635
-59592
70500
-59628
-43635
-26548
65785
-30426
44247
2822
-5408
34813
-60715
-10300
82556
95933
94298
69887
71014
-73545
-21699
10326
64578
46247
-17405
-14701
-27069
210
-2559
-3730
-40471
5696
62503
-20191
-53207
6312
10309
55448
31822
21726
-27422
56480
70104
-56782
3451
-8076
-38978
46790
19713
-34230
92287
-96425
52140
41289
74016
-83650
-93678
22173
-90916
26007
-12709
-82112
35881
-97686
71785
79401
-10161
19061
-79834
-59809
76770
40415
-52162
-36047
-83898
-69734
-46915
80739
-9826
-27208
-34909
-75279
78075
69831
14181
69407
-39178
40830
-74484
-43100
-63639
32995
-77457
6501
-59781
-69171
77960
-10173
-75462
-138
-38648
28687
7634
83003
53821
-89385
41526
9614
14126
-86128
-58626
59645
39342
98823
-97412
-35430
79418
93038
-26493
-27080
84984
-98358
-91290
-91739
76985
-25015
-4
84335
-46284
88054
56320
5345
78009
87226
67813
6021
-63124
32952
35618
-75672
-76958
74492
47953
-36346
99385
-57708
749
38410
-42435
71894
-47006
83030
-24208
-92404
42107
31852
37074
14791
25257
34128
94583
49995
18463
74415
81432
-79376
42849
66747
58864
-63403
48964
39653
13559
17982
-45854
-48806
-95767
-81478
-24621
6634
-74159
92491
63839
84590
42865
17041
-85234
-57403
49509
-79313
68260
84627
-36620
-94716
-62776
-76165
63865
-67267
-37883
72331
37226
-41490
47241
97269
-9014
19074
-7563
-24634
92070
88538
-83295
99681
67972
-61087
92385
-57233
1609
61923
-83300
-84878
34931
-17286
-17723
-17979
59993
39591
57788
-36918
-78063
20698
71708
90371
-80862
90609
-11347
-57661
81078
48179
29675
91468
3601
9423
76366
56611
95970
88907
61236
-20020
47153
42093
-31941
-28597
49167
89274
67671
82879
67577
-68282
45725
30929
-99903
1252
41885
-50742
1980
48949
-11154
91841
19691
71193
